2 0.290625 0.158333 0.114583 0.040278
2 0.559115 0.158681 0.053646 0.032639
0 0.195052 0.207639 0.064062 0.059722
0 0.276302 0.214583 0.064062 0.059722
0 0.352344 0.237500 0.064062 0.059722
0 0.422656 0.275000 0.064062 0.059722
0 0.512240 0.261806 0.064062 0.059722
0 0.585677 0.247917 0.064062 0.059722
2 0.657552 0.246528 0.064062 0.059722
0 0.656510 0.245139 0.064062 0.059722
0 0.738802 0.251389 0.064062 0.059722
0 0.817448 0.243750 0.064062 0.059722
0 0.881771 0.243056 0.037500 0.054167
0 0.140625 0.232986 0.031250 0.072917
