0 0.163542 0.315278 0.075000 0.061111
0 0.260937 0.320139 0.075000 0.061111
0 0.433333 0.345139 0.075000 0.061111
0 0.349479 0.331944 0.075000 0.061111
0 0.525000 0.342361 0.075000 0.061111
0 0.609896 0.335417 0.075000 0.061111
0 0.700521 0.329861 0.075000 0.061111
0 0.796354 0.322917 0.075000 0.061111
2 0.748177 0.229861 0.295312 0.063889
2 0.171615 0.252778 0.090104 0.031944
2 0.499479 0.277431 0.198958 0.039583
2 0.470313 0.209028 0.138542 0.034722
0 0.869531 0.305556 0.057813 0.047222
2 0.874219 0.149653 0.052604 0.042361
